20140901,320373461,322334985
20140902,271617394,207308988
20140903,260049209,248784268
20140904,230045278,244843898
20140905,231609695,246962264
20140906,95737238 ,79769992
20140907,112401161,78865864
20140908,211993791,267101094
20140909,271531054,325870788
20140910,206000189,218681153
20140911,245791099,275110914
20140912,232727853,223070688
20140913,148905223,173981727
20140914,158018393,226399069
20140915,257943026,355171788
20140916,237478475,267210478
20140917,257560729,258237890
20140918,220361805,259504020
20140919,199031917,220380342
20140920,137755885,168269594
20140921,142476990,189737200
20140922,241896352,326830459
20140923,236412200,285151790
20140924,229729390,289575176
20140925,259851538,223345141
20140926,189131782,286351890
20140927,136214881,189305265
20140928,162683721,206688415
20140929,234577967,358323082
20140930,236364746,343024674




























20140901,323834533,325350430
20140902,273848104,210166286
20140903,261300074,251578721
20140904,229395076,248050411
20140905,232427399,250091185
20140906,96043433 ,82645745
20140907,113858747,80174450
20140908,213938968,268931733
20140909,272677501,328592173
20140910,208003337,220566790
20140911,246020707,277382476
20140912,232051186,224724727
20140913,149881828,175306164
20140914,159560817,227554365
20140915,258520895,358333716
20140916,239736842,268272273
20140917,258381310,261341566
20140918,220888189,261389589
20140919,200120557,222237809
20140920,137708703,169575474
20140921,143455087,191158819
20140922,243557393,329390865
20140923,239111842,287194132
20140924,231145035,298248892
20140925,258187585,224893601
20140926,192263030,289940995
20140927,136029558,190823271
20140928,166164805,209059969
20140929,236346103,362841521
20140930,239322603,346890813
